0.000000000000000e+00	2.515053e-12
1.000000000000000e-02	2.520076e-12
2.000000000000000e-02	2.526798e-12
3.000000000000000e-02	2.535792e-12
4.000000000000000e-02	2.547827e-12
5.000000000000000e-02	2.563933e-12
6.000000000000000e-02	2.585483e-12
7.000000000000001e-02	2.614320e-12
8.000000000000000e-02	2.652906e-12
9.000000000000000e-02	2.704536e-12
1.000000000000000e-01	2.773619e-12
1.100000000000000e-01	2.866053e-12
1.200000000000000e-01	2.989728e-12
1.300000000000000e-01	3.155198e-12
1.400000000000000e-01	3.376580e-12
1.500000000000000e-01	3.672757e-12
1.600000000000000e-01	4.068982e-12
1.700000000000000e-01	4.599026e-12
1.800000000000000e-01	5.308045e-12
1.900000000000000e-01	6.256409e-12
2.000000000000000e-01	7.524825e-12
2.100000000000000e-01	9.221152e-12
2.200000000000000e-01	1.148953e-11
2.300000000000000e-01	1.452253e-11
2.400000000000000e-01	1.857734e-11
2.500000000000000e-01	2.399739e-11
2.600000000000000e-01	3.124109e-11
2.700000000000000e-01	4.092005e-11
2.800000000000000e-01	5.384999e-11
2.900000000000000e-01	7.111819e-11
3.000000000000000e-01	9.417309e-11
3.100000000000000e-01	1.249429e-10
3.200000000000000e-01	1.659924e-10
3.300000000000000e-01	2.207302e-10
3.400000000000000e-01	2.936812e-10
3.500000000000000e-01	3.908456e-10
3.600000000000000e-01	5.201683e-10
3.700000000000000e-01	6.921535e-10
3.800000000000000e-01	9.206642e-10
3.900000000000000e-01	1.223960e-09
4.000000000000000e-01	1.626035e-09
4.100000000000000e-01	2.158343e-09
4.200000000000000e-01	2.861996e-09
4.300000000000000e-01	3.790559e-09
4.400000000000000e-01	5.013580e-09
4.500000000000000e-01	6.621010e-09
4.600000000000000e-01	8.728703e-09
4.700000000000000e-01	1.148519e-08
4.800000000000000e-01	1.507999e-08
4.900000000000000e-01	1.975367e-08
5.000000000000000e-01	2.580992e-08
5.100000000000000e-01	3.363003e-08
5.200000000000000e-01	4.368987e-08
5.300000000000000e-01	5.657970e-08
5.400000000000000e-01	7.302700e-08
5.500000000000000e-01	9.392194e-08
5.600000000000001e-01	1.203450e-07
5.700000000000001e-01	1.535956e-07
5.800000000000000e-01	1.952179e-07
5.900000000000000e-01	2.470227e-07
6.000000000000000e-01	3.110966e-07
6.100000000000000e-01	3.897957e-07
6.200000000000000e-01	4.857163e-07
6.300000000000000e-01	6.016391e-07
6.400000000000000e-01	7.404471e-07
6.500000000000000e-01	9.050204e-07
6.600000000000000e-01	1.098116e-06
6.700000000000000e-01	1.322248e-06
6.800000000000000e-01	1.579574e-06
6.900000000000001e-01	1.871807e-06
7.000000000000001e-01	2.200160e-06
7.100000000000000e-01	2.565317e-06
7.200000000000000e-01	2.967448e-06
7.300000000000000e-01	3.406242e-06
7.400000000000000e-01	3.880967e-06
7.500000000000000e-01	4.390547e-06
7.600000000000000e-01	4.933637e-06
7.700000000000000e-01	5.508703e-06
7.800000000000000e-01	6.114094e-06
7.900000000000000e-01	6.748106e-06
8.000000000000000e-01	7.409040e-06
8.100000000000001e-01	8.095235e-06
8.200000000000001e-01	8.805107e-06
8.300000000000001e-01	9.537165e-06
8.400000000000000e-01	1.029003e-05
8.500000000000000e-01	1.106243e-05
8.600000000000000e-01	1.185323e-05
8.700000000000000e-01	1.266137e-05
8.800000000000000e-01	1.348593e-05
8.900000000000000e-01	1.432607e-05
9.000000000000000e-01	1.518106e-05
9.100000000000000e-01	1.605023e-05
9.200000000000000e-01	1.693299e-05
9.300000000000000e-01	1.782881e-05
9.400000000000001e-01	1.873723e-05
9.500000000000001e-01	1.965783e-05
9.600000000000000e-01	2.059021e-05
9.700000000000000e-01	2.153404e-05
9.800000000000000e-01	2.248900e-05
9.900000000000000e-01	2.345480e-05
1.000000000000000e+00	2.443117e-05
1.010000000000000e+00	2.541785e-05
1.020000000000000e+00	2.641462e-05
1.030000000000000e+00	2.742124e-05
1.040000000000000e+00	2.843751e-05
1.050000000000000e+00	2.946321e-05
1.060000000000000e+00	3.049816e-05
1.070000000000000e+00	3.154216e-05
1.080000000000000e+00	3.259502e-05
1.090000000000000e+00	3.365658e-05
1.100000000000000e+00	3.472665e-05
1.110000000000000e+00	3.580505e-05
1.120000000000000e+00	3.689163e-05
1.130000000000000e+00	3.798622e-05
1.140000000000000e+00	3.908865e-05
1.150000000000000e+00	4.019876e-05
1.160000000000000e+00	4.131641e-05
1.170000000000000e+00	4.244142e-05
1.180000000000000e+00	4.357365e-05
1.190000000000000e+00	4.471296e-05
1.200000000000000e+00	4.585919e-05
1.210000000000000e+00	4.701220e-05
1.220000000000000e+00	4.817185e-05
1.230000000000000e+00	4.933800e-05
1.240000000000000e+00	5.051051e-05
1.250000000000000e+00	5.168924e-05
1.260000000000000e+00	5.287407e-05
1.270000000000000e+00	5.406486e-05
1.280000000000000e+00	5.526149e-05
1.290000000000000e+00	5.646383e-05
1.300000000000000e+00	5.767176e-05
1.310000000000000e+00	5.888516e-05
1.320000000000000e+00	6.010391e-05
1.330000000000000e+00	6.132790e-05
1.340000000000000e+00	6.255702e-05
1.350000000000000e+00	6.379114e-05
1.360000000000000e+00	6.503018e-05
1.370000000000000e+00	6.627401e-05
1.380000000000000e+00	6.752255e-05
1.390000000000000e+00	6.877568e-05
1.400000000000000e+00	7.003330e-05
1.410000000000000e+00	7.129533e-05
1.420000000000000e+00	7.256166e-05
1.430000000000000e+00	7.383221e-05
1.440000000000000e+00	7.510688e-05
1.450000000000000e+00	7.638559e-05
1.460000000000000e+00	7.766824e-05
1.470000000000000e+00	7.895476e-05
1.480000000000000e+00	8.024505e-05
1.490000000000000e+00	8.153906e-05
1.500000000000000e+00	8.283668e-05
1.510000000000000e+00	8.413785e-05
1.520000000000000e+00	8.544249e-05
1.530000000000000e+00	8.675053e-05
1.540000000000000e+00	8.806190e-05
1.550000000000000e+00	8.937652e-05
1.560000000000000e+00	9.069432e-05
1.570000000000000e+00	9.201525e-05
1.580000000000000e+00	9.333924e-05
1.590000000000000e+00	9.466621e-05
1.600000000000000e+00	9.599611e-05
1.610000000000000e+00	9.732888e-05
1.620000000000000e+00	9.866447e-05
1.630000000000000e+00	1.000028e-04
1.640000000000000e+00	1.013438e-04
1.650000000000000e+00	1.026875e-04
1.660000000000000e+00	1.040337e-04
1.670000000000000e+00	1.053825e-04
1.680000000000000e+00	1.067338e-04
1.690000000000000e+00	1.080874e-04
1.700000000000000e+00	1.094435e-04
1.710000000000000e+00	1.108019e-04
1.720000000000000e+00	1.121626e-04
1.730000000000000e+00	1.135255e-04
1.740000000000000e+00	1.148906e-04
1.750000000000000e+00	1.162579e-04
1.760000000000000e+00	1.176272e-04
1.770000000000000e+00	1.189986e-04
1.780000000000000e+00	1.203721e-04
1.790000000000000e+00	1.217475e-04
1.800000000000000e+00	1.231248e-04
1.810000000000000e+00	1.245041e-04
1.820000000000000e+00	1.258852e-04
1.830000000000000e+00	1.272682e-04
1.840000000000000e+00	1.286529e-04
1.850000000000000e+00	1.300394e-04
1.860000000000000e+00	1.314276e-04
1.870000000000000e+00	1.328176e-04
1.880000000000000e+00	1.342091e-04
1.890000000000000e+00	1.356023e-04
1.900000000000000e+00	1.369971e-04
1.910000000000000e+00	1.383934e-04
1.920000000000000e+00	1.397913e-04
1.930000000000000e+00	1.411906e-04
1.940000000000000e+00	1.425915e-04
1.950000000000000e+00	1.439937e-04
1.960000000000000e+00	1.453974e-04
1.970000000000000e+00	1.468025e-04
1.980000000000000e+00	1.482089e-04
1.990000000000000e+00	1.496167e-04
2.000000000000000e+00	1.510258e-04
2.010000000000000e+00	1.524361e-04
2.020000000000000e+00	1.538477e-04
2.030000000000000e+00	1.552606e-04
2.040000000000000e+00	1.566746e-04
2.050000000000000e+00	1.580899e-04
2.060000000000000e+00	1.595063e-04
2.070000000000000e+00	1.609238e-04
2.080000000000000e+00	1.623425e-04
2.090000000000000e+00	1.637623e-04
2.100000000000000e+00	1.651831e-04
2.110000000000000e+00	1.666051e-04
2.120000000000000e+00	1.680280e-04
2.130000000000000e+00	1.694520e-04
2.140000000000000e+00	1.708769e-04
2.150000000000000e+00	1.723029e-04
2.160000000000000e+00	1.737298e-04
2.170000000000000e+00	1.751576e-04
2.180000000000000e+00	1.765864e-04
2.190000000000000e+00	1.780161e-04
2.200000000000000e+00	1.794467e-04
2.210000000000000e+00	1.808782e-04
2.220000000000000e+00	1.823105e-04
2.230000000000000e+00	1.837436e-04
2.240000000000000e+00	1.851776e-04
2.250000000000000e+00	1.866124e-04
2.260000000000000e+00	1.880480e-04
2.270000000000000e+00	1.894844e-04
2.280000000000000e+00	1.909215e-04
2.290000000000000e+00	1.923594e-04
2.300000000000000e+00	1.937980e-04
2.310000000000000e+00	1.952374e-04
2.320000000000000e+00	1.966775e-04
2.330000000000000e+00	1.981182e-04
2.340000000000000e+00	1.995597e-04
2.350000000000000e+00	2.010018e-04
2.360000000000000e+00	2.024446e-04
2.370000000000000e+00	2.038880e-04
2.380000000000000e+00	2.053321e-04
2.390000000000000e+00	2.067767e-04
2.400000000000000e+00	2.082220e-04
2.410000000000000e+00	2.096679e-04
2.420000000000000e+00	2.111144e-04
2.430000000000000e+00	2.125615e-04
2.440000000000000e+00	2.140091e-04
2.450000000000000e+00	2.154573e-04
2.460000000000000e+00	2.169060e-04
2.470000000000000e+00	2.183553e-04
2.480000000000000e+00	2.198051e-04
2.490000000000000e+00	2.212554e-04
2.500000000000000e+00	2.227062e-04
